10.68926065864347	-2.213943163292693	-2.2137947106055975	-2.2139479423539075	-2.213801248230337	-2.213941761956328	-2.2137994839009223	-2.2139434855055997	-2.2138049549714403	-2.21394394327385	-2.21379932551743	-2.2139458983763074	-2.213796051123276	-0.05012049330242322	0.5367750466038563	0.1427122307228323	-0.21492285651148763	0.14271364983047266	0.5367753762511963	0.5367750309348016	0.14271149360841048	-0.05622180798794023	0.14271444173509354	0.5367755268048955	-0.05014999635616882	0.5367745429781227	0.1426718519779934	-0.21493064308313017	0.14267131703837457	0.5367746404442586	0.5367729711097615	0.14267509652686133	-0.05624315036426573	0.14267295856664258	0.14271185172030051	-0.05011970688246383	0.5367735945698232	0.14271190435909847	-0.21492155408952943	0.14271428155049448	0.5367735424717622	0.5367735747859003	0.1427135776343639	-0.056220302580010345	-0.2149297306846426	0.14267196995091155	-0.05014850522613807	0.5367741063661876	0.1426748129082409	-0.05624263445792478	0.1426726209771715	0.5367733392545464	0.536773218416725	0.14267495525739557	0.1427120496905962	-0.2149240589650899	0.14271245399357874	-0.050122109107941626	0.536776122972838	0.1427132217072178	-0.0562241706665086	0.14271512714557688	0.5367741436587488	0.5367749461897091	0.14267352812727424	-0.2149315117234449	0.14267316658859874	-0.0501506432043303	0.5367764028784323	0.1426741357724065	-0.0562431988669476	0.14267375653920467	0.5367752171114727	0.1427139988595464	-0.056221899421681557	0.14271233758874674	-0.050122347390024906	0.5367760565946859	0.1427138317974392	-0.21492353130844383	0.14271029289955656	0.5367762755657464	0.14267366254724195	-0.05624033928137767	0.14267433866155513	-0.05014840302920947	0.5367752830991487	0.14267485993638365	-0.21492934122870608	0.1426714566982532	0.14271011505818548	0.1427153729407671	-0.056221435702829836	0.14271219560240683	-0.0501203944070116	0.5367732996958517	0.14271226507601315	-0.21492192972986543	-0.05624295380750616	0.14267552196432656	0.1426708189019528	-0.2149305711042552	0.14267350998636152	-0.050150536050530437	0.5367747475118875	0.1426722865535139	0.1427125200382298	-0.056221483391124885	0.14271390980376022	0.1427115421287543	-0.21492268142720555	0.14271296547547543	-0.05012127122427929	0.5367755568803967	0.1426730763369754	-0.056244230007224796	0.14267510769477518	0.142671013346326	-0.2149318377657972	0.14267459027379328	-0.05015092987653754
-2.213943163292693	7.48490977484567	-0.3822712729223149	0.3626465289985203	0.1784131869590478	0.3626490493694401	-0.38227521332634073	-1.5828892286313923	-0.3822666417513343	0.36264386603579657	0.005289599118999509	0.3626497312762236	-0.3822723373711487	-0.23830224451065485	-1.0427407282681078	-0.8442075648876156	-0.15266519519468322	-0.8442066707971903	-1.0427406317134629	-1.0427415810533835	-0.8442081718117566	-0.388934527684586	-0.8442064878627166	-1.0427402962693653	0.09546788519333635	0.06204239778717044	0.03199805544797396	0.1854045626000667	0.17018799876576346	0.12087162603167786	0.01640889005012272	-0.2595001395510278	0.0418910633532009	0.1765651473277537	0.07955967326547715	0.06884999355292167	0.0031081845629434947	-0.02212542583443767	0.03073108049679328	-0.013630024394974414	0.01640811801910107	0.065872864071553	-0.07142750986815041	0.0067546657934254035	-0.08307235877126984	0.036524539866301185	-0.1067566864239784	0.0031083766567078807	0.036523431966815775	-12158697869174113e-21	0.03652397524636854	0.003107743365039356	0.0031080018018054493	0.0365240697399127	0.07955829741827909	0.030731170161728424	-0.07142776750562721	0.06885025138840975	0.016407248242850066	-0.013629283997733251	0.006755157478075054	-0.02212528231580758	0.0658731493161114	0.062041229987683306	0.17656459575760136	0.18540617696486114	0.03199911843973138	0.09546942279460031	0.12087114220107144	0.17018602675669875	0.041891938349632535	-0.2594990619178834	0.062041170703669685	0.18739468276385	0.10678600113540093	0.18739478983263919	-15918779292978727e-23	0.12087106681727128	0.18739485570604253	0.088442518318833	0.18739500735165032	0.12087098385911033	0.03199820998930386	0.04189078832747021	0.1765634727003934	0.0954685193154792	0.06204107406504231	-0.2594999230276894	0.1854047500853916	0.17018677566668078	0.07956103531329592	-0.07142813282221626	0.006755183058621745	-0.013629245838401957	0.0688508660419685	0.06587318983902313	-0.022125556919766625	0.030731454633750332	0.0831008087371633	0.12078340330133518	0.12078314824875094	3422037820603719e-23	0.12078367393246787	-0.08843529332361805	0.06587281296886055	0.12078306101716532	0.07955793518917043	0.006754772975219269	-0.022125562422028504	-0.013628875414258374	0.03073116183866498	-0.07142793839431201	0.06885021259309292	0.016408026134083133	0.17018607785962733	0.041890981471854244	0.03199836261228736	0.17656520098186368	0.18540552836215193	-0.25949998261729557	0.09546850750034627
-2.2137947106055975	-0.3822712729223149	7.484544710887379	-0.3822725788478099	0.3625255806139286	0.17840920314423667	0.3625293227953612	-0.3822702015606969	-1.582894878673572	-0.3822668291178126	0.3625282588329058	0.005289339169515686	0.36252793145848816	0.09545170937520123	-1.042660813003372	0.17014720535207437	0.18538172697168975	0.03201020129987629	0.06206183910659283	0.12085800264819194	0.17660039410174735	0.04189440899146441	-0.2595013673473238	0.016438281316627328	-0.2383325868880971	-1.042661125190787	-0.844155397661035	-0.1527382888003463	-0.8441557261517901	-1.0426616756018676	-1.042660286986413	-0.8441559181759332	-0.3889424432539822	-0.844156831838584	0.17659930614979727	0.09545281468301181	0.016437930859134073	0.03201103189918176	0.1853822472636287	0.17014697955801933	0.12085751129763836	0.06206211951018036	-0.25950049234714256	0.04189552849500154	0.03071940862161256	0.07959011668015048	0.06885183498202735	0.0031176608450500273	-0.07142350768871315	0.006773898906580311	-0.01362505882123264	0.062061476162436804	0.06590487571751431	-0.022116771371828856	0.03652754423708826	-0.08310231537507698	0.03652722918719288	-0.10678587171188375	0.0031176539890136862	0.03652680316896336	1385926010935027e-20	0.03652714976523199	0.0031174010007247606	0.003116895114477738	0.07959004991440842	0.030719066981220712	-0.02211713807978378	0.06885114366407358	0.016436734696429145	-0.013625643075298156	0.006773452010576332	-0.07142376385205548	0.06590486020923235	0.17659792839030863	0.04189531376663363	0.032011691388850586	0.09545352478590563	0.12085725909709209	0.1701450768403151	0.18538292846229198	-0.2595003872724129	0.06206084437393563	0.18740207191273803	0.10675632297305046	0.18740240734749705	-5656706089936219e-22	0.12085777470271403	0.1874027019242642	0.08843462342783429	0.18740244408504822	0.17014611306682903	0.03201044181550315	0.04189404632021798	0.1765983259677748	0.09545140184206996	0.01643837742282195	-0.25950104554139536	0.1853818128894793	0.00677277342943909	0.07958974406206573	-0.022116636789857664	0.030718928150056054	-0.013625619156281849	0.06885104173264525	0.0659047370086027	-0.07142330887884386	0.12076835450398028	0.08307428756575366	0.1207678839249387	0.12076785766489624	-23035653385021782e-23	0.12076815256463069	-0.08844321202114196	0.06590483599570442	0.07958975097588458	0.006773247848022665	-0.07142352716099608	-0.013624830398714222	0.030719399358966868	-0.02211665464454285	0.06885184291109182
-2.2139479423539075	0.3626465289985203	-0.3822725788478099	7.484906003179667	-0.3822632720268732	0.3626441752196041	0.17841342994575596	0.3626482076849177	-0.38226672248711513	-1.5828896672382227	-0.38226826695230026	0.3626449322567934	0.005289806045700466	0.06885046106667389	0.016407625051941727	0.07955939236609448	0.0307311680698421	-0.07142760451156695	0.0031085146282307467	0.06203961817022493	-0.013628539980634707	0.006754730862753576	-0.02212493400432627	0.06587300754301727	0.09546898796212802	-1.042739433317157	0.1765653220566467	0.1854053234354059	0.03199808562862416	0.062041664007371516	0.12087101781154196	0.17018631367903037	0.041892302897221935	-0.25949973703757606	-0.8442066179276122	-0.2383029401108773	-1.042740372209075	-0.8442068945412436	-0.15266535446327253	-0.8442062320943632	-1.0427396331998504	-1.0427409250068391	-0.8442068551760433	-0.38893419819989306	0.18540377807778838	0.17018659400932598	0.09546733958503234	0.06204168735819908	0.0319977459032441	0.041889726404232226	0.17656380019656187	0.12087116082523348	0.01640939118463896	-0.2595004394664024	-0.022125240913622418	0.030731373872942044	0.07956033323504955	0.06885032999912766	0.0031085868998121124	-0.07142746372468929	0.0067558604003354564	-0.013629706290928911	0.016407465920763885	0.06587298280807735	0.0365243835554438	-0.0830728613111921	0.036524345797915574	-0.10675717201000823	0.0031093222833006792	0.03652376047867096	-12826011522597367e-21	0.03652325094477682	0.003107910486102798	0.07955807573899323	0.0067543185784813085	-0.022125178657475427	0.06884946859344852	0.016407368066725467	-0.013629325303528447	0.03073066241601304	-0.07142693342126658	0.06587265849918274	0.1701849691008238	0.04189107937526768	0.031999106271587766	0.09546892299284868	0.12087116998140172	0.17656201280333236	0.18540539538677078	-0.25949921880185933	0.1873950650161784	0.18739445841743688	0.10678646840032711	0.18739508405293537	25631924004648125e-23	0.12087114314612458	0.18739470228275715	0.08844274578347884	0.04189182902050449	0.17656333296490262	0.03199906194553744	0.18540498713856765	0.17018742228475578	0.09546936748871421	0.0620414039125346	-0.25949936808433477	-0.07142740630057597	0.00675472045045351	0.07955973609524504	-0.022125437564671772	0.03073133651969219	-0.01362938888953678	0.06885032247881644	0.06587256793114067	0.12078332428819671	0.08310042525758693	0.1207832241309127	0.12078346167275582	7363304929458035e-23	0.12078310581135684	-0.08843510435746359
-2.213801248230337	0.1784131869590478	0.3625255806139286	-0.3822632720268732	7.484550431186469	-0.38227405596151026	0.3625298844388797	0.005289449943975359	0.362526776615071	-0.3822662740841149	-1.5828952135668826	-0.38227114614922986	0.3625313497355675	-0.10678600099832904	0.0031171228790646153	0.036527597635770064	-0.08310273281253121	0.0365275365877535	0.00311683821591563	0.003116899442486948	0.03652760543859814	1334646858253581e-20	0.03652698863940127	0.0031171062762762394	0.06885193691121191	0.06206022833539509	0.07959139145664174	0.030719662362493606	-0.022117159566543608	0.06590509676516276	0.016436938174654258	-0.013625622677723362	0.006773786706513475	-0.07142406669809384	0.032010087105814336	0.09545160520913998	-1.0426613296825848	0.17014615793383744	0.1853814521015336	-0.2595016189783986	0.016437086334930014	0.12085770312385456	0.17659830454931383	0.04189428592237501	-0.15273880761469688	-0.8441569582658695	-0.23833277180768409	-1.0426603198226831	-0.8441553761673802	-0.38894310210402305	-0.8441562957473684	-1.042660845343863	-1.0426610212858898	-0.8441550710716538	0.03201107401374582	0.18538329266221162	0.1765996778970727	0.0954524050988564	0.016436749553286757	-0.2595006859350971	0.041895574038749335	0.17014497864204736	0.1208579179721327	0.06206090331731702	-0.07142395946781434	0.030719615517524685	0.07958878667794979	0.0688517780672502	0.06590476773041676	-0.022116821370452226	0.006773811859909748	-0.013624871867513174	0.06205951260783893	0.12076872976677014	0.0830742833688797	0.12076788284864677	-0.08844277402714343	0.06590450439603197	0.12076857176307892	2153360512656829e-24	0.12076822032268558	0.0659047004772033	0.07959017573632517	0.006773326746601621	-0.07142348325232953	0.06885159393330127	0.062060491051261005	-0.013625843381813867	0.030719416754921125	-0.022116466181483583	0.03201044581125657	0.1765984439481786	0.04189475429058113	-0.25950104164731563	0.09545155993149676	0.120858192120423	0.17014641032188582	0.1853818151216675	0.10675668673596667	0.18740242060917173	0.18740281426835137	0.08843510279978002	0.18740253487053737	-13016993749990322e-23	0.12085781384276982	0.18740279373017857	0.03201131229428864	0.04189573445729702	0.17014429078757284	-0.25950056863326854	0.18538347790110374	0.17659852288640043	0.09545312485018514	0.016436052342819172	-0.022116580229157523	0.006773345448207455	0.07958784960356197	-0.0714236488290013	0.030719353675630844	-0.013625479353111567	0.06885110341065438
-2.213941761956328	0.3626490493694401	0.17840920314423667	0.3626441752196041	-0.38227405596151026	7.4849108691646595	-0.3822700809821287	0.36264481957175015	0.005289804483680885	0.362646105459537	-0.38226155483380087	-1.582889792911368	-0.38226857517233664	0.0688499186547116	0.003107774915824577	-0.022125543656347304	0.03073141212652557	0.07955905838042218	0.06204121481894666	0.06587293886109943	-0.07142792845466671	0.006754845632632982	-0.013629882712405207	0.016407175103408157	-0.10675632243701633	0.003108367791131346	0.03652484537919982	-0.08307249072784421	0.036525116091197636	0.0031084278446733534	0.003108373237837375	0.03652450471377158	-12316475711899808e-21	0.036524290417358274	-0.07142734481329993	0.0688503948321813	0.016409092278345347	0.07955956596175585	0.030731383336758508	-0.022125258315239437	0.06587316749089601	0.06204099154952559	-0.013629466674420096	0.006754756520067355	0.18540526684335829	0.03199969213246113	0.09546831266192439	-1.0427412582988547	0.1765639161119362	0.04189136774824623	-0.2594981818518943	0.06204269942792592	0.12087166070191281	0.17018613428662163	-0.8442081874053273	-0.1526640684705983	-0.8442074087654856	-0.23830059295503644	-1.0427418338875198	-0.8442084257266016	-0.38893353082313203	-0.8442075649764547	-1.0427421923196694	-1.042742876612771	0.031998760134783866	0.18540515159394524	0.17018713526036913	0.09546856227552523	0.016407965540358286	-0.2594999894502417	0.041890668165216444	0.17656464666496402	0.1208713380468987	-0.07142758772880488	0.006754801801378567	0.0795591451015864	0.06885066114326412	0.06587288899629927	-0.02212536545396291	0.030731492401061714	-0.013628552182068484	0.06204163643834477	0.12078310585371325	0.0831005203738123	0.12078322502083104	-0.08843523691915467	0.06587264837504847	0.1207833191970085	-2669284036235258e-23	0.12078335606615387	-0.02212529202443351	0.07955845907022717	0.006754812474454672	-0.07142777369141437	0.06885007843048047	0.01640722026528601	-0.01362911384320861	0.030731423963593348	0.0418903512284914	0.031997396012287495	0.17018655626140608	0.18540481548224527	-0.2595009145516015	0.09546806122297094	0.12087070047007589	0.17656459854039366	0.18739473036262919	0.1067858719413982	0.18739450316583975	0.1873948941157844	0.08844260968562434	0.18739498831733042	-3844547328642191e-22	0.12087090854837687	0.03199881720029527	0.04189128013099467	0.17656449561206328	-0.25949915924716904	0.18540562839135089	0.17018477079537467	0.09546900289255306
-2.2137994839009223	-0.38227521332634073	0.3625293227953612	0.17841342994575596	0.3625298844388797	-0.3822700809821287	7.484551892861407	-0.3822682128898404	0.3625307213350818	0.005289377315122286	0.362524781105102	-0.3822642542306879	-1.5828950913725195	0.09545272527076407	0.016436958127225124	0.032011736718687296	0.1853835372521099	0.176598661997419	-1.0426602000924652	0.062060843535825264	-0.2594999255262206	0.04189551032802011	0.17014468931674367	0.1208575125619241	0.06885159074564966	0.003117561437782541	-0.07142405772203124	0.03071938458216782	0.0795901605526795	0.06205985312785175	0.06590507604849624	-0.02211702783974364	0.006773262818616156	-0.013625358627235235	0.03652756101409626	-0.10678646880738757	0.003116870946883322	0.03652759424365147	-0.08310275301133833	0.03652757175566502	0.0031173069101531957	0.003116765953390435	0.036527082878076114	12358063002914911e-21	0.03071959619197891	-0.022117035467139896	0.06885124241626552	0.06206169886401258	0.07958998705430584	0.006773172779377254	-0.07142422770019768	0.06590455388774256	0.01643643430127806	-0.013626389632761178	0.1701478279488017	0.1853819047621592	0.032011114481132225	0.09545171975394054	-1.0426610028063412	0.17659903381128653	0.04189419407125915	-0.2595013160295859	0.01643804333622875	0.12085743543327164	-0.8441569777448562	-0.1527383739998446	-0.8441564912801544	-0.23833356451328805	-1.0426607007062356	-0.8441561527153081	-0.3889442862810174	-0.8441572247325645	-1.0426622468195688	0.03201046183615618	0.04189522428818394	0.17014579031076732	0.09545290399001728	0.01643605813082221	-0.25950190884430974	0.18538282592236538	0.17659930033890234	0.12085673863840005	-0.022116280458617313	0.006772836225830342	0.07958862884959836	0.06885129097748525	0.0659043963133004	-0.07142393117642218	0.03071920441442893	-0.013625134157157178	0.12076837112216098	0.12076799549137364	0.083075189685056	0.1207684302052195	-0.08844248759569309	0.06590475815424107	0.12076841595841233	14348000896200444e-24	0.006774416126781339	-0.07142402276293672	0.07959130982058799	0.030719866729788423	-0.022116812821990035	0.06885241059607308	0.06206043222463028	-0.013625360259860489	0.17659894567574677	0.041894489050965475	0.03201036816794316	0.17014576702073217	0.18538225868563415	-0.25950148386720373	0.09545276626618532	0.12085658884722686	0.1874026778117753	0.10675717194808543	0.18740228674291298	0.18740300249034414	0.08843534508011792	0.1874023473169811	1827408466688269e-22
-2.2139434855055997	-1.5828892286313923	-0.3822702015606969	0.3626482076849177	0.005289449943975359	0.36264481957175015	-0.3822682128898404	7.484904867143596	-0.3822699926520087	0.362646291215407	0.17841143651219227	0.36264480897835816	-0.38226455915390856	15839087221532702e-23	0.12087062209023235	0.18739518471678565	0.08844277401587816	0.18739452013502686	0.12087062391324631	0.12087040121211516	0.1873947416305424	0.10678660588908158	0.18739435189102277	0.12087058472070303	0.09546849525367779	0.01640821748638517	-0.25949940435839564	0.18540543449860625	0.17656383951909324	-1.042739210137385	0.062041844420566865	0.03199871748750468	0.04189122104144391	0.17018538608301306	-0.013629299591444793	0.06884972466457873	0.06587293743507532	-0.0714274731823259	0.030730724529812896	0.07955856990621338	0.06204082421607842	0.003108931171492684	-0.022124856373095265	0.0067539480673678345	-3357058248818325e-23	0.12078327339594269	-0.08843510292539557	0.06587295712799521	0.12078296702246653	0.08310101989691267	0.12078333338399981	0.0658729074768673	0.0658727824748192	0.12078341976967102	-0.013629602283662778	0.030731579217809286	-0.022125298583643736	0.06885060904853509	0.062041930751080956	0.07956088705073294	0.006755203342702766	-0.0714278127969884	0.0031077799503924793	0.016408317747582717	0.17018717294610006	0.1854046879019309	-0.2594995931707245	0.0954692491164087	-1.042742000901935	0.17656347208027992	0.04189062743053198	0.03199945757731222	0.016408640468531643	-0.8442063132309305	-0.3889345186794474	-0.8442087377250677	-0.23830228305486503	-1.0427396775271962	-0.8442065224709445	-0.15266429581445087	-0.8442075900753503	-1.0427418610021384	-0.2594994951233983	0.04189147714375537	0.17018649672440828	0.0954691929590663	0.016407354186750555	0.031998752402579225	0.1854054876134939	0.1765639002548901	-0.01362849229986137	-0.022124979277349875	0.006754395957839298	0.07955849173970835	0.06885010793027754	0.003109619825305327	-0.07142725648779848	0.030730922272994954	-13191501675924926e-21	0.03652406340755444	0.03652404273401685	-0.08307244770282034	0.036524149489356235	-0.10675710288275392	0.0031082061227325677	0.03652396115161687	-0.013629818624907962	0.006755114332444897	-0.07142778711914591	0.07956062679472592	0.030731404971586048	-0.022125665527335088	0.06885036937155758	0.062042349005709665	0.17656477892881733	0.04189009824790426	-0.25950080046565394	0.17018790511066703	0.18540427212677063	0.031997695324685355	0.09546824026938706
-2.2138049549714403	-0.3822666417513343	-1.582894878673572	-0.38226672248711513	0.362526776615071	0.005289804483680885	0.3625307213350818	-0.3822699926520087	7.484546034938714	-0.3822671011761017	0.3625281924533689	0.17841522345962874	0.3625276715481475	0.0954516674043203	0.12085755306976405	0.17659853318836957	0.1853819774284773	-0.2595014577994753	0.016437460511719296	-1.0426593221598384	0.1701452390327607	0.04189422925615471	0.032010170414586835	0.062060327741460586	5649035486021878e-22	0.12085733714916967	0.1874025308281432	0.08843523719780874	0.18740295171458646	0.12085708145501092	0.12085693150822249	0.1874027819461839	0.1067572578767167	0.1874025858505426	0.1701453150682624	0.09545248118529119	0.06205984685000907	-0.2595003830406903	0.18538238229035092	0.1765964219189782	-1.0426591446088334	0.016437161078323517	0.03201140206601246	0.04189489044583851	0.030719520973351098	-0.013624862231716628	0.06885204180024661	0.0659044666400427	-0.022116651530782686	0.006773622586839635	0.07959046939954857	0.016436966900025652	0.003117361961951576	-0.0714236503125739	0.12076839203553322	23039147393210963e-23	0.1207680518220553	-0.08844261025747957	0.06590436349272925	0.12076793065125538	0.08307475587639565	0.12076812643684896	0.06590454210422837	0.0659047063510712	-0.013625662804169396	0.0307192152702003	-0.07142358349163302	0.06885134819064198	0.0620597460576894	0.07958970642490286	0.006772883947820155	-0.022116828160619054	0.0031170662764747844	0.17014610275180528	0.04189594793210477	-0.2595007511393276	0.09545363777032152	-1.042660104359477	0.176597641395973	0.1853828610811686	0.03201146937819029	0.01643582284702522	-0.8441554558533682	-0.3889442741114095	-0.8441559818322074	-0.23833496417563912	-1.0426593026934958	-0.8441550231141487	-0.15273917316380398	-0.8441555531299711	0.1765995982681559	-0.25950191737654454	0.04189543141665458	0.17014710479907783	0.09545231551247943	0.06206070707233116	0.03200949832172455	0.1853818692288069	0.0067733212016418964	-0.013626009649248186	-0.07142310569994897	0.03071892907762225	0.07959000442554204	0.06885103321234902	0.00311815122147572	-0.022116650963112914	0.036527323708999436	12093701965209583e-21	0.03652668908763941	0.036526831573098995	-0.08310311145982564	0.036527566007034606	-0.10678699205616268	0.00311781332589667	-0.01362528507170664	0.00677423175990334	-0.022116902117800423	0.07959069475682246	0.030719379598011028	-0.0714236924957307	0.06885182947290178
-2.21394394327385	0.36264386603579657	-0.3822668291178126	-1.5828896672382227	-0.3822662740841149	0.362646105459537	0.005289377315122286	0.362646291215407	-0.3822671011761017	7.484902845827033	-0.3822717254987164	0.36264662350876486	0.17841100423443065	0.06885046207492186	0.062041724355534913	-0.013629001806452472	0.030731313105146468	-0.02212507894311351	0.06587306684756214	0.016407699812515403	0.07955972054625468	0.006755134992622757	-0.07142734464532524	0.003108775464594454	0.09546773966622023	0.12087185072712588	0.1701857660914175	0.18540455650058388	-0.25949956643577665	0.0164085980358572	-1.0427400240414955	0.1765631314115707	0.04189049928500881	0.031998700000207464	0.1873944582844532	-2562110016650475e-22	0.1208713961332161	0.18739473752330194	0.0884424872553315	0.18739503350434275	0.12087122157628398	0.12087104697763561	0.18739461844007788	0.10678611887366952	0.18540445303987296	0.1765649516816826	0.09546754025704832	0.016408404171588377	-0.25950013048554804	0.041890531179704	0.17018648064356737	-1.0427399163037694	0.062041757018829274	0.031997524842518325	-0.07142720861712588	0.030731264080574305	-0.013628891089764884	0.06885023604634201	0.06587294880726521	-0.022124941044841456	0.006754691559791829	0.07955838032630831	0.062041368779233184	0.0031082232077640887	0.1207835118180993	-7372436124073073e-23	0.12078338720382345	-0.08843534488842819	0.06587292278521141	0.12078358373082411	0.08310026020586579	0.120782671452252	0.06587280834771272	-0.013629694425421265	0.006754479587985684	-0.07142749991825163	0.0688499209734351	0.06204117219107367	0.07956009107246381	0.030730953435582593	-0.022125418554451555	0.003108220514512605	0.17656411861137605	0.041891345012047	-0.2594998760773986	0.09546888867362602	-1.0427412161609386	0.17018703549190972	0.18540447604390844	0.03199828227385041	-0.8442070412900232	-0.844206525727788	-0.38893335231566056	-0.8442074174693815	-0.23830164162937462	-1.0427404870558183	-0.8442050829484398	-0.15266474556192977	0.041892076788534474	0.17018571844357536	-0.25949880946121145	0.18540562911884376	0.1765633872757662	0.09546983379050321	0.016407753574196812	0.031999789238085094	-0.02212533403832885	0.006755157332810945	-0.013629167839834568	-0.07142740703038926	0.03073100201879219	0.07955844752297636	0.06884986275880577	0.0031089198171917773	0.036524136286037734	-12355786039888809e-21	0.036523918486823556	0.036524254851016985	-0.08307246618735334	0.036523615394829276	-0.10675671012849465
-2.21379932551743	0.005289599118999509	0.3625282588329058	-0.38226826695230026	-1.5828952135668826	-0.38226155483380087	0.362524781105102	0.17841143651219227	0.3625281924533689	-0.3822717254987164	7.4845461092097585	-0.3822647188672419	0.3625264750037979	-0.0884425183873338	0.0659044219955548	0.12076827792515712	-19528721853142395e-25	0.12076820297312398	0.06590439658470762	0.06590455920966647	0.12076795601453724	0.08307450353308363	0.12076816083566866	0.06590458383741446	0.06885125944452454	0.016436292208678222	-0.013624571037524374	0.03071933434785604	-0.0714234321679142	0.0031182317618454604	0.0620608458218338	0.07958862226210014	0.006772907015479219	-0.02211642478854924	-0.25950104903063503	0.09545257884503627	0.12085728430457163	0.17659899639361618	0.18538291572043675	0.032010534710914106	0.06206017932806159	-1.042659465651317	0.17014531446430692	0.04189538689595775	0.08843529353863472	0.18740284510861932	13028754209358508e-23	0.12085704803749288	0.1874020068249407	0.10675710288268042	0.18740278379760392	0.1208572298616531	0.1208573100874695	0.1874022396965662	-0.25950136394015083	0.18538150039283507	0.17014567222532156	0.09545177234353393	0.06206134598593058	0.03201040699100039	0.04189375539770071	0.1765984389790679	-1.0426617964349423	0.016437046388789133	-0.022116912808793347	0.03071981770077934	-0.013625577295433062	0.06885188147457497	0.0031174190055719897	-0.07142361246904988	0.00677374790689919	0.07959070204158906	0.016437205031916147	0.03652759251630269	1200446909573858e-20	0.036527211269613	-0.10678660586453012	0.003118048690643541	0.036527685211741906	-0.08310307593340897	0.0365275215178516	0.0031168011392600586	-0.01362536791342748	0.006772722340796148	-0.02211613413242893	0.0688509434076839	0.01643725854575325	0.07958901651165609	0.03071896745656876	-0.07142306465774291	-0.2594997004780488	0.17014384798605012	0.041895890849837414	0.0320119891249212	0.09545298151349794	-1.0426596516767077	0.17659729831242074	0.18538316294503718	-0.38894326435135845	-0.8441555604771099	-0.8441565291716308	-0.15273820577100652	-0.844154631590773	-0.23833315701067467	-1.042661608169692	-0.8441572640436884	-0.25950130584745945	0.041894349744913115	0.17659816245303298	0.03201121034294795	0.18538151751136966	0.1701472015995316	0.09545273204567924	0.06206045406648737	-0.07142377947241604	0.006773887999609217	-0.013626016353360776	-0.022116869782144638	0.030719764659401076	0.07959157470541481	0.06885169647336384
-2.2139458983763074	0.3626497312762236	0.005289339169515686	0.3626449322567934	-0.38227114614922986	-1.582889792911368	-0.3822642542306879	0.36264480897835816	0.17841522345962874	0.36264662350876486	-0.3822647188672419	7.484910094504349	-0.3822742866420191	0.06884991846831859	0.06587266727666563	-0.07142826497823447	0.030731460127576406	-0.013629893756698534	0.01640642743874457	0.0031076518616843206	-0.022125087592866497	0.006754685273716396	0.07955857868062784	0.06204108678928335	-0.08843462356097964	0.06587263775188423	0.1207834794561634	27046789857787886e-24	0.12078389994320458	0.06587312803839071	0.06587307680891455	0.1207835723347562	0.08310111153226439	0.12078339788082808	-0.022124712113554233	0.06885041219960163	0.06204153225048333	-0.013628984104417048	0.030731524196382375	-0.07142787351274074	0.0031083973079110245	0.016407079437674495	0.07955856604590889	0.0067551592779461125	0.18540546548931058	-0.2594986341909653	0.09546855790038086	0.12087109644221196	0.17018503347130334	0.04189139224381103	0.03199945696102316	0.016408138871362617	-1.0427400382907797	0.17656345784214397	0.18739488932646695	0.08844321202551482	0.18739492793522344	3847111123112043e-22	0.12087033864126247	0.1873947846344648	0.10678699241402212	0.1873945853925378	0.12087044672723962	0.12087139307607567	-0.2595006423992283	0.18540525784528694	0.1765646850694964	0.09546884793416244	0.06204031265668591	0.03199781267355939	0.04189097134750929	0.17018511196533936	-1.0427414163665834	-0.0221253062378178	0.006755260186767259	-0.013629144265521247	0.06885068665904481	0.0031084147729399754	-0.0714280283779055	0.03073149429800998	0.07956002678760017	0.01640789164092293	0.036524026290328984	-13635989750181248e-21	0.036523771204535406	-0.10675725768528635	0.0031081547729268654	0.036524137058542266	-0.08307275618566443	0.03652445058395534	-0.07142796180408091	-0.013629977088426627	0.006754618551783816	-0.02212531753320784	0.06885002965240472	0.0620405713894741	0.07955971601591887	0.030731299291189836	0.041891050897130404	-0.25950126445330735	0.17656489054906185	0.18540484358549716	0.03199767463907628	0.09546860570119552	-1.042740346391089	0.17018738905676106	-0.8442074294225301	-0.38893523166344995	-0.8442067604784198	-0.8442075671472493	-0.15266503445728735	-0.8442070102432147	-0.2383026065709872	-1.0427399896837544	-0.25949920306187324	0.04189129349794777	0.17018660673005284	0.03199990705461505	0.18540557378046607	0.1765637942445639	0.0954689345995966
-2.213796051123276	-0.3822723373711487	0.36252793145848816	0.005289806045700466	0.3625313497355675	-0.38226857517233664	-1.5828950913725195	-0.38226455915390856	0.3625276715481475	0.17841100423443065	0.3625264750037979	-0.3822742866420191	7.484550746949178	0.09545225448239646	0.06206145909837588	-0.25949980697715425	0.18538245858145966	0.1701452946702928	0.12085765913313	0.016437936621783472	0.03201190176940995	0.04189472873924398	0.17659796519902624	-1.0426614240533618	0.06885189722371479	0.0659045763515812	-0.022117040534275812	0.030719676598431507	-0.013625095300793474	0.016436074802919816	0.0031170881819937812	-0.07142441939959247	0.006773516238151995	0.07959034600249171	0.1207683218114076	-0.08844274672647158	0.06590466763328254	0.12076788187654075	-13898460234183966e-24	0.12076847419177912	0.06590485567698848	0.06590459513155454	0.12076789117309437	0.0830748881400456	0.03071949653972715	-0.07142421898648171	0.06885121797047129	0.016436785187986795	-0.013625857094472737	0.006773266352414712	-0.022116982246080732	0.0031168379421838955	0.062060641431103056	0.07958922487303025	0.1765997279407508	0.1853829277805987	-0.25950088139164007	0.09545229735811293	0.12085679529425232	0.1701444933790695	0.04189487632996929	0.03201035328489177	0.06206148153188371	-1.0426614995907473	0.18740271636372244	0.08843510447111981	0.18740263639234156	-18227490616301407e-23	0.12085713676309917	0.18740241077150616	0.10675671091678934	0.1874024303450202	0.12085747102728958	-0.259502530505489	0.04189446657654963	0.17659991792733848	0.0954521563730955	0.06206023771186255	0.032009544504121024	0.18538209662057328	0.17014713884076588	-1.0426616682919647	-0.07142360550225092	0.006773193393866791	-0.013626218016747413	0.0688515067864898	0.0031171594706719333	-0.022116830638336936	0.03071935330185818	0.07959064184703495	0.03652787740703141	0.03652737587299743	12823666571184482e-21	0.036527907811616016	-0.10678611939151351	0.003117564633417487	0.03652771687163797	-0.0831026822187388	0.006773788720862644	-0.02211662990116789	-0.013624859903559678	0.030719557887711642	-0.07142353496542361	0.06885188255835466	0.01643737864465539	0.07958919543106671	0.1701471165573473	0.041895354444538783	-0.259500720747048	0.17659891976423434	0.1853829987823791	0.03201172360414385	0.09545305375490096	-1.0426607839396032	-0.8441576487379182	-0.3889435233037676	-0.844156279512177	-0.8441569494754589	-0.1527380114321133	-0.8441561846048734	-0.23833276318011828
-0.05012049330242322	-0.23830224451065485	0.09545170937520123	0.06885046106667389	-0.10678600099832904	0.0688499186547116	0.09545272527076407	15839087221532702e-23	0.0954516674043203	0.06885046207492186	-0.0884425183873338	0.06884991846831859	0.09545225448239646	0.2321813244719606	-0.030844940567502466	0.03766273473763779	0.04040868143307263	0.0376620758045702	-0.030845142462324567	-0.03084491576855986	0.03766272226681706	0.08017864530785933	0.037662182759151286	-0.03084521864372223	-0.052468101143978665	0.020946760613133518	-0.024865748733629043	0.004009301393802589	-0.07447399331027078	23416906357889132e-24	-0.026316422035179518	0.024165759567342026	-0.00716427149390933	0.04285127991024732	-0.06715402157923107	30414388414801436e-27	588588709018664e-25	10779253363520583e-26	4609862851332186e-26	8157444494665997e-26	-0.026316361361090272	8119277459084746e-26	2777637834788116e-26	-0.014865969725226517	-0.00837590564044751	0.043324265508685685	2790726099469233e-26	-33802841181837564e-27	0.043324397170193915	-0.011494663114586391	0.04332424786926349	5925464209982016e-26	7116334757654375e-27	0.04332434064069893	-0.06715348043782698	3409169755805556e-26	-42686086096409515e-27	-11602607793951343e-29	-0.026316201276148754	-5140140068514295e-26	-0.014865944416637526	35966627769845215e-28	21975165027989022e-28	0.0209468679577451	0.04285132634938352	0.004009022055518306	-0.0248657573549963	-0.05246838500542107	564848948061723e-22	-0.0744740109747766	-0.007164634471683973	0.024165766685357557	0.02094690283200583	3053820522316606e-26	6636527628272781e-26	16648826873983478e-26	6168174783269474e-26	10479937759032267e-23	5602628377731081e-26	4484301181447728e-26	699492187609917e-25	5625087148647285e-23	-0.024865667529389842	-0.007164282584060753	0.042851307880231226	-0.05246820936995164	0.020946750327358214	0.024165838503266233	0.0040092555129575365	-0.07447396476043966	-0.06715403465774955	11548860247340353e-26	-0.014865865894252652	3917568918156257e-26	23858131546977383e-27	6915118675106268e-26	52796266985648854e-27	1991141958984902e-26	-0.005601560622883311	-53303841414746385e-28	7347364190889286e-26	18798397374964866e-27	-4398417711529527e-26	3707097908732535e-26	6094866041759086e-26	6029517704402022e-26	-0.06715371446151329	-0.014865893729401312	7652733540304428e-26	8351365033631847e-26	4105511810105283e-26	4628695162253901e-26	6203808867876568e-26	-0.026316186626012577	-0.07447394912649193	-0.007164416263425012	-0.024865718584348995	0.042851344238344025	0.004009102126498129	0.024165717196200906	-0.05246818204691393
0.5367750466038563	-1.0427407282681078	-1.042660813003372	0.016407625051941727	0.0031171228790646153	0.003107774915824577	0.016436958127225124	0.12087062209023235	0.12085755306976405	0.062041724355534913	0.0659044219955548	0.06587266727666563	0.06206145909837588	-0.030844940567502466	0.6187639541933883	0.2128669141404197	-0.03079076896316045	0.06324439162374781	0.06446572051133019	0.362818802954451	0.17560123979249762	0.032564117879431316	0.1615495570769106	0.06446558626023607	-0.03083536253264787	0.06444077528751782	0.06323995271451868	-0.03078470599444514	0.2128498990256475	0.3627991840389478	0.06444080142463672	0.16153760048530919	0.03256124509445659	0.17559591427030044	-0.1788593611760715	-0.02631611209784319	-0.051088930058279074	0.028424904489987995	-0.029329818785219564	-0.14574685949682298	-0.08570526315088903	-0.09338885172056242	0.0538081865813309	0.009106691757651211	0.017080973781084592	0.03241599574154168	9562108730286748e-27	8647534242917951e-26	0.012008452699017727	-0.019074970394991467	-0.025808441933775746	-0.07241215932475677	0.02470869909126103	0.01244171774810504	0.03241919818024535	0.017082576521663343	0.012004964136206223	26067227600333928e-27	-0.05108865844667535	-0.025813805417575966	-0.019080009581946552	0.012438639660409659	0.02470879392119608	-0.07241205537733751	-0.1788611761403626	-0.029329653873859125	0.02842272315990932	-0.026322797197101705	-0.0857025585375201	-0.14575470066828894	0.009108272538939298	0.05380479006854123	-0.09339180325026922	0.026316361487407704	0.024865667677487022	0.00716428286016356	-10458070065668596e-23	0.19671352804998496	-0.0073174370253252605	-0.024165838392592374	0.0003841146070645114	-0.11308185665020214	0.00716861626402668	0.024867778804911766	0.026322916679124956	7360850546642936e-23	-0.11308993731277293	0.0003915154975188039	-0.024171128570514563	-0.007318247120821367	-0.1493888966751395	0.01724691636543282	-0.008914807729375076	-0.11049804150591634	0.02094666703461751	-0.09339188619906669	0.04371557582384781	-0.03654764337669494	-0.02510642462004837	-0.012236196123158903	-26849681453136137e-26	20403796340632656e-27	31653136164251267e-27	-317685682602524e-25	-1952709551820616e-25	1937836510005875e-23	-0.012237786321736626	-0.025097745275107	-2215449168539098e-26	1710116277232886e-25	6402211650988016e-26	-31593348270633375e-24	5815276114152104e-26	-0.09338876199259223	-0.14940012092428037	-0.008915824348113862	0.017247921142229405	-0.11049954621267741	-0.03655035590267516	0.043715704355324285	0.020943449343771597
0.1427122307228323	-0.8442075648876156	0.17014720535207437	0.07955939236609448	0.036527597635770064	-0.022125543656347304	0.032011736718687296	0.18739518471678565	0.17659853318836957	-0.013629001806452472	0.12076827792515712	-0.07142826497823447	-0.25949980697715425	0.03766273473763779	0.2128669141404197	0.6529614246663922	-0.03342047124610804	-0.11479774237970197	0.06324424134712496	0.1756013862917031	0.274325078011496	0.018971971617049107	-0.1147979798232664	0.16154914710718854	-0.07447918485637882	-0.14938907357171802	-0.15632014215804937	0.02771233611657967	-0.01416796305526966	-0.007317964585614651	-0.14574723789828573	-0.014996019570747298	0.004878400582785526	-0.058107885976524554	-0.36041609792251234	-0.067153825995877	0.03241918510866442	0.055808566143702956	0.005173093007872411	-0.03746234535517038	-0.17885944957352867	-0.012237818116678881	0.07200275710824211	-0.045297611216191684	0.025101525694514418	0.09514977757210061	0.043323502735098114	0.012438695596692261	-0.05726012581524306	0.01907768073158899	0.029735669648930475	-0.0258141051132759	0.012004979233871279	-0.08820586741802086	0.05580848156401335	5298388777833076e-26	-0.012356446437672891	3829581788590208e-26	0.028424777272261975	14402516372394876e-26	0.028632854210593504	14375215468948806e-26	6471266793543919e-26	0.04371527508270682	0.016705574021403442	-0.02453610782933467	0.0011658433941824165	-0.024867738845243337	0.007164474959919889	-0.1563156577729701	-21133592843503587e-23	0.01234407905228665	0.017246767512750456	-0.0458891893140144	44991785431286085e-27	10136620615233356e-26	11143544551153957e-26	0.02631609225335625	-861052873830139e-22	8326732967433506e-26	7830116445154416e-26	0.0003842068890274412	0.01670168319025724	-0.028424771294922234	0.0510889295948338	0.04285273205229335	-0.11049811451019706	0.029329851867612222	-0.05380813069614386	-0.05811384373116576	-0.037462444933486834	13649139676813736e-26	-0.04332442334595635	29225663952091736e-26	13182248192565005e-26	1291440348347924e-25	1680808114035015e-25	11375132244817854e-26	-0.017082577675639865	-0.004393425023277114	-12723833567031914e-27	-18285759026153063e-27	-0.004399179461345823	6536692080125444e-29	31628729526793984e-24	-34259503856611e-24	0.0720029319332939	0.04410393966102801	-0.01235638716446257	13694765570037886e-26	7672271925746774e-26	4210810519175662e-26	48444215696946175e-27	0.053808112080313324	-0.014995298519200577	0.024533469274898124	0.012340188714453616	0.029329414954844712	-9456373895009411e-23	10501070217945365e-21	0.024171124984362205
